******************************************************

Date and time of analysis:  15-Nov-2020     20:17:38

Well path file:     em-input2.txt 
Initial MD unit:    [m]

Tool model file:    MWD.IPM



******************************************************

Error terms included in analysis (name and IDtype):  
------------------------------------------------------
        drfr	               depth
        dsfs	               depth
        dstg	               depth
        xym1	               misal
        xym2	               misal
        xym3	               misal
        xym4	               misal
         sag	                 sag
        decg	             mwd_mag
        dbhg	             mwd_mag
        amil	             mwd_mag
    abxy_ti1	           mwd_accel
    abxy_ti2	       mwd_accel_lat
         abz	           mwd_accel
    asxy_ti1	           mwd_accel
    asxy_ti2	           mwd_accel
    asxy_ti3	           mwd_accel
         asz	           mwd_accel
    mbxy_ti1	             mwd_mag
    mbxy_ti2	             mwd_mag
         mbz	             mwd_mag
    msxy_ti1	             mwd_mag
    msxy_ti2	             mwd_mag
    msxy_ti3	             mwd_mag
         msz	             mwd_mag

******************************************************

     Angle unit:      deg

      MD     INC      AZT       TVD       
***************************************
   84.48    0.46   137.90      0.00   
  112.84    0.08   318.54     28.36    
  141.10    0.59   121.82     56.62    
  169.81    0.62   110.01     85.33    
  197.86    1.55   333.45    113.37    
  225.90    4.03   333.59    141.38    
  254.53    4.38   346.33    169.93    
  281.94    4.33   350.15    197.26   
  309.93    4.93   345.27    225.16    
  338.37    5.57   351.45    253.48    
  366.28    5.78   355.88    281.26   
  394.19    5.50   353.72    309.03    
  422.22    5.18   349.22    336.94   
  449.75    5.15   353.05    364.36   
  477.48    5.28   356.69    391.97    
  505.96    4.79   356.74    420.34    
  533.95    4.37   351.26    448.24    
  561.65    3.60   348.86    475.88   
  589.73    2.31   359.96    503.92    
  617.82    0.87    27.37    532.00    
  646.34    0.85   148.61    560.52    
  675.21    0.79   177.67    589.38    
  704.13    0.16    66.91    618.30   
  731.86    0.62    50.80    646.03    
  759.90    0.60    63.10    674.07    
  788.48    0.55    85.07    702.65    
  816.75    0.44    71.09    730.92    
  844.48    0.23    91.91    758.65  
  872.82    0.22   214.42    786.99    
  900.26    0.36   301.77    814.43   
  928.34    0.40   335.79    842.51    
  955.77    0.38   318.12    869.94   
  984.04    0.52   278.63    898.21    
 1011.97    0.42   280.59    926.14   
 1039.76    0.29   344.24    953.92   
 1067.69    0.50   308.82    981.85   
 1095.57    0.28   287.74   1009.73    
 1123.20    0.44   318.07   1037.36    
 1151.74    0.41   315.09   1065.90   
 1180.51    0.58   302.44   1094.67   
 1208.59    0.76   322.95   1122.75    
 1237.21    0.87   326.44   1151.37    
 1266.01    0.81   314.43   1180.16    
 1294.62    0.98   321.98   1208.77    
 1323.09    1.09   322.03   1237.23  
 1351.61    1.10   332.57   1265.75    
 1379.74    2.10   353.26   1293.87    
 1407.73    4.02     1.43   1321.82    
 1435.63    5.44    13.61   1349.62    
 1463.64    5.73    16.62   1377.50    
 1491.61    6.36    17.85   1405.31    
 1519.30    7.42    16.94   1432.80    
 1547.39    8.90    16.05   1460.61    
 1575.73   10.15    17.17   1488.56  
 1603.34   11.28    18.11   1515.69    
 1631.39   12.64    17.21   1543.13   
 1659.09   14.36    14.50   1570.06  
 1687.08   15.64    13.78   1597.10    
 1715.23   16.64    14.83   1624.14   
 1743.71   17.70    16.56   1651.35    
 1771.66   19.04    18.26   1677.87   
 1799.85   21.09    19.53   1704.35    
 1828.20   23.50    19.22   1730.58   
 1856.07   25.42    17.63   1755.95    
 1883.87   26.92    16.67   1780.90    
 1911.66   28.27    16.49   1805.53    
 1940.09   29.21    16.39   1830.45    
 1968.55   30.06    16.59   1855.19  
 1996.97   30.66    16.18   1879.71   
 2025.72   31.72    14.80   1904.31   
 2054.30   33.40    14.88   1928.39    
 2082.16   34.97    15.66   1951.44   
 2110.25   35.78    15.89   1974.34   
 2138.95   35.47    16.24   1997.67    
 2167.06   35.04    16.06   2020.63    
 2195.23   35.42    15.28   2043.64    
 2223.73   35.52    15.20   2066.85    
 2252.41   35.08    15.30   2090.25    
 2280.52   34.90    16.01   2113.28    
 2308.84   34.44    16.45   2136.57    
 2337.65   33.77    16.36   2160.43    
 2366.19   33.30    16.70   2184.22  
 2394.64   33.29    16.75   2208.00    
 2423.12   34.61    16.77   2231.62    
 2451.49   35.52    16.37   2254.84    
 2479.81   35.17    16.70   2277.94   
 2508.12   34.58    16.77   2301.17    
 2536.39   35.19    16.02   2324.36    
 2564.74   35.75    15.53   2347.44    
 2592.67   35.08    15.69   2370.21    
 2620.98   33.36    15.96   2393.62   
 2648.88   32.26    16.20   2417.06    
 2676.89   30.41    16.90   2440.99    
 2704.92   28.43    17.41   2465.40    
 2733.19   26.53    16.69   2490.48    
 2761.46   25.47    15.93   2515.89  
 2789.74   23.78    15.79   2541.60    
 2818.01   21.31    15.46   2567.70   
 2845.67   20.39    15.62   2593.55    
 2873.95   19.49    13.36   2620.14   
 2902.24   18.35    13.11   2646.90    
 2930.49   16.29    14.13   2673.87 
 2958.44   15.21    15.78   2700.77    
 2986.10   14.99    16.73   2727.47   
 3014.40   14.89    16.83   2754.81   
 3042.65   14.49    17.28   2782.14  
 3070.96   13.80    13.90   2809.59   
 3098.82   13.80    12.99   2836.65  
 3127.14   13.71    13.40   2864.16    
 3155.34   13.82    13.88   2891.55   
 3183.35   13.76    14.10   2918.75    
 3211.64   13.77    14.66   2946.23    
 3239.82   13.64    14.33   2973.60    
 3268.01   13.58    13.91   3001.00    
 3296.29   13.58    14.60   3028.49    
 3324.11   13.52    14.22   3055.54    
 3352.07   13.63    13.98   3082.72 
 3380.04   13.71    14.47   3109.89     
 3408.13   13.59    15.34   3137.19    
 3436.10   13.49    16.04   3164.38    
 3464.07   13.53    16.59   3191.58    
 3492.18   13.50    17.27   3218.91    
 3520.50   13.57    17.36   3246.44    
**************************************
      MD     INC      AZT       TVD        